0000020400000000
00010001b294b367
0000020300000000
00010103696f3136
0005010300000000
0005020000000000
000102083eca96db
0005020300000000
0001020006ef67c5
0000030400000000
000103007cdc3a5f
0000010400000000
0000010600000000
0005010200000000
0005020500000000
0000000300000000
0000010500000000
0002010500000000
0003030500000000
000100022689a019
0000000700000000
0005030400000000
0000020000000000
0000020200000000
000102014f9be486
0000030500000000
0000030600000000
0000010700000000
0002010600000000
0000000600000000
0002020500000000
0000010200000000
0005000300000000
0005030400000000
0001000658ede36f
0000000000000000
0000030500000000
0000010700000000
00010204a5aad8f0
0000020600000000
0003000700000000
0000010700000000
0002000400000000
0002010500000000
0000030300000000
0000010400000000
0000000400000000
0005010300000000
0000000200000000
0005020500000000
0000000500000000
0001030792676c78
0002010700000000
0000020200000000
0000010200000000
0000020600000000
0000000700000000
0000030700000000
0005000500000000
0000030600000000
0003030100000000
0000020300000000
0006000000000000
0006000000000000
0000010200000000
0006000000000000
0000000000000000
0000000000000000
0000000000000000
0000000000000000
